40 41 53 52 44 43 46 45 51 50 47 48 41 42 
53 40 52 51 43 42 45 44 50 49 46 47 40 41 
41 42 40 53 45 44 47 46 52 51 48 49 42 43 
42 43 41 40 46 45 48 47 53 52 49 50 43 44 
50 51 49 48 40 53 42 41 47 46 43 44 51 52 
51 52 50 49 41 40 43 42 48 47 44 45 52 53 
48 49 47 46 52 51 40 53 45 44 41 42 49 50 
49 50 48 47 53 52 41 40 46 45 42 43 50 51 
43 44 42 41 47 46 49 48 40 53 50 51 44 45 
44 45 43 42 48 47 50 49 41 40 51 52 45 46 
47 48 46 45 51 50 53 52 44 43 40 41 48 49 
46 47 45 44 50 49 52 51 43 42 53 40 47 48 
53 40 52 51 43 42 45 44 50 49 46 47 40 41 
52 53 51 50 42 41 44 43 49 48 45 46 53 40 
