40 43 54 53 52 55 44 45 51 49 46 50 48 54 56 41 42 
54 40 51 50 49 52 41 42 48 46 43 47 45 51 53 55 56 
43 46 40 56 55 41 47 48 54 52 49 53 51 40 42 44 45 
44 47 41 40 56 42 48 49 55 53 50 54 52 41 43 45 46 
45 48 42 41 40 43 49 50 56 54 51 55 53 42 44 46 47 
42 45 56 55 54 40 46 47 53 51 48 52 50 56 41 43 44 
53 56 50 49 48 51 40 41 47 45 42 46 44 50 52 54 55 
52 55 49 48 47 50 56 40 46 44 41 45 43 49 51 53 54 
46 49 43 42 41 44 50 51 40 55 52 56 54 43 45 47 48 
48 51 45 44 43 46 52 53 42 40 54 41 56 45 47 49 50 
51 54 48 47 46 49 55 56 45 43 40 44 42 48 50 52 53 
47 50 44 43 42 45 51 52 41 56 53 40 55 44 46 48 49 
49 52 46 45 44 47 53 54 43 41 55 42 40 46 48 50 51 
43 46 40 56 55 41 47 48 54 52 49 53 51 40 42 44 45 
41 44 55 54 53 56 45 46 52 50 47 51 49 55 40 42 43 
56 42 53 52 51 54 43 44 50 48 45 49 47 53 55 40 41 
55 41 52 51 50 53 42 43 49 47 44 48 46 52 54 56 40 
