0, 2 0 8n;
1, 11 50 16n;
2, 7 0 4n;
3, 4 0 16n;
4, 0 127 4n;
5, 7 100 4n;
6, 9 76 8n;
7, 5 127 2n;
8, 5 100 2n;
9, 2 127 8n;
10, 0 0 4n;
11, 4 100 16n;
12, 2 0 8n;
13, 5 127 2n;
14, 0 0 4n;
15, 4 0 16n;
16, 4 100 16n;
17, 9 76 8n;
18, 7 100 4n;
19, 11 50 16n;
20, 2 127 8n;
21, 5 100 2n;
22, 7 0 4n;
23, 0 127 4n;
24, 4 100 16n;
25, 0 0 4n;
26, 2 127 8n;
27, 5 100 2n;
28, 5 127 2n;
29, 9 76 8n;
30, 7 100 4n;
31, 0 127 4n;
32, 4 0 16n;
33, 7 0 4n;
34, 11 50 16n;
35, 2 0 8n;
36, 0 127 4n;
37, 7 0 4n;
38, 5 100 2n;
39, 2 127 8n;
40, 11 50 16n;
41, 7 100 4n;
42, 9 76 8n;
43, 4 100 16n;
44, 4 0 16n;
45, 0 0 4n;
46, 5 127 2n;
47, 2 0 8n;
48, 4 100 16n;
49, 0 127 4n;
50, 9 76 8n;
51, 5 100 2n;
52, 2 0 8n;
53, 0 0 4n;
54, 11 50 16n;
55, 7 100 4n;
56, 7 0 4n;
57, 4 0 16n;
58, 2 127 8n;
59, 5 127 2n;
60, 0 127 4n;
61, 4 100 16n;
62, 7 100 4n;
63, 2 127 8n;
64, 2 0 8n;
65, 7 0 4n;
66, 5 127 2n;
67, 9 76 8n;
68, 0 0 4n;
69, 4 0 16n;
70, 5 100 2n;
71, 11 50 16n;
72, 4 100 16n;
73, 0 0 4n;
74, 2 127 8n;
75, 5 100 2n;
76, 5 127 2n;
77, 9 76 8n;
78, 7 100 4n;
79, 0 127 4n;
80, 4 0 16n;
81, 7 0 4n;
82, 11 50 16n;
83, 2 0 8n;
84, 0 127 4n;
85, 7 0 4n;
86, 5 100 2n;
87, 2 127 8n;
88, 11 50 16n;
89, 7 100 4n;
90, 9 76 8n;
91, 4 100 16n;
92, 4 0 16n;
93, 0 0 4n;
94, 5 127 2n;
95, 2 0 8n;
96, 7 100 4n;
97, 4 100 16n;
98, 0 127 4n;
99, 9 76 8n;
100, 5 127 2n;
101, 4 0 16n;
102, 2 0 8n;
103, 2 127 8n;
104, 11 50 16n;
105, 7 0 4n;
106, 5 100 2n;
107, 0 0 4n;
108, 0 127 4n;
109, 4 100 16n;
110, 7 100 4n;
111, 2 127 8n;
112, 2 0 8n;
113, 7 0 4n;
114, 5 127 2n;
115, 9 76 8n;
116, 0 0 4n;
117, 4 0 16n;
118, 5 100 2n;
119, 11 50 16n;
120, 2 0 8n;
121, 11 50 16n;
122, 7 0 4n;
123, 4 0 16n;
124, 0 127 4n;
125, 7 100 4n;
126, 9 76 8n;
127, 5 127 2n;
128, 5 100 2n;
129, 2 127 8n;
130, 0 0 4n;
131, 4 100 16n;
132, 2 0 8n;
133, 5 127 2n;
134, 0 0 4n;
135, 4 0 16n;
136, 4 100 16n;
137, 9 76 8n;
138, 7 100 4n;
139, 11 50 16n;
140, 2 127 8n;
141, 5 100 2n;
142, 7 0 4n;
143, 0 127 4n;
